# Written by tools/author_ultimate_intros.py. Edit the table there, not this file.
seconds 3.6
key 0 0 0 0 0 10 0 0 0 65 0 0 -65 0 0 0 0 0 0
key 0.22 -3 -14 5 -6 16 -4 -24 38 22 -18 0 -8 -6 0 -8 6 0 14
key 0.36 -3 -14 4 -6 16 -4 -24 38 22 -18 0 -8 -6 0 -8 6 0 14
key 0.48 2 18 0 -8 -4 0 -24 38 22 -48 -55 -70 -6 0 -8 6 0 12
key 0.7 -10 0 0 -12 0 0 -22 10 6 -22 -10 -6 -4 0 -14 4 0 14
key 1.02 -12 2 0 -13 0 0 -22 10 6 -22 -10 -6 -4 0 -14 4 0 14
key 1.22 4 22 -2 -4 -10 0 -48 60 42 -44 -15 -72 -10 0 -10 8 0 12
key 1.42 -2 34 -5 -4 -14 0 -48 75 72 0 -60 -48 -18 0 -10 16 0 14
key 1.6 -2 34 -5 -4 -14 0 -48 75 72 0 -60 -48 -18 0 -10 16 0 14
key 1.72 -3 38 -6 -4 -15 0 -48 75 72 0 -60 -48 -18 0 -10 16 0 14
key 1.86 -2 34 -5 -4 -14 0 -48 75 72 0 -60 -48 -18 0 -10 16 0 14
key 2.06 -4 42 -6 -4 -16 0 -48 75 72 0 -60 -48 -18 0 -10 16 0 14
key 2.18 -3 38 -6 -4 -15 0 -48 75 72 0 -60 -48 -18 0 -10 16 0 14
key 2.42 -4 40 -6 -4 -16 0 -48 75 72 -24 -45 -60 -20 0 -10 18 0 14
key 3.6 -5 43 -7 -4 -17 0 -48 75 72 -24 -45 -60 -20 0 -10 18 0 14
punch 0.22
punch 0.48
punch 1.42
lift 0 0
shot 0 1.05 2 0.85 3.3 1.7 0.9 2.8 0 1.05 0 0 1.1 0.1 44 41
shot 1.05 2.3 2.6 0.72 1.3 2.35 0.78 1.85 0.22 0.98 0.15 0.18 1 0.3 42 39 close
shot 2.3 3.6 2.6 2 -2.4 2.85 2.4 -3 0 0.8 4 -0.2 0.4 7 52 57
still 4.2 1.35 1.2 0 0.95 1.8 50
