# Written by tools/author_ultimate_intros.py. Edit the table there, not this file.
seconds 3.2
key 0 0 0 0 0 0 0 0 0 65 0 0 -65 0 0 0 0 0 0
key 0.18 0 -4 0 2 -24 0 -4 0 68 -4 0 -68 0 0 0 0 0 0
key 0.72 0 4 0 2 24 0 -4 0 68 -4 0 -68 0 0 0 0 0 0
key 0.9 2 6 0 8 10 0 -4 0 68 -82 -6 -70 0 0 0 0 0 0
key 1.3 2 6 0 8 18 0 -4 0 68 -86 22 -58 0 0 0 0 0 0
key 1.5 4 0 0 14 0 0 -70 36 76 -70 -36 -76 0 0 0 0 0 0
key 1.5 4 0 0 14 0 0 -70 36 76 -70 -36 -76 0 0 0 0 0 0
key 1.98 4.04 -0.12 0 14.168 -0.504 0 -71.32 36.72 76.16 -69.68 -37.16 -76.36 -0 0 -0 -0 0 0
key 2.18 4 0 0 6 0 4 -82 20 65 -82 -20 -65 0 0 0 0 0 0
key 2.18 4 0 0 6 0 4 -82 20 65 -82 -20 -65 0 0 0 0 0 0
key 2.76 4 0 0 5.776 0 4.112 -82.24 19.68 64.78 -82.24 -19.68 -64.78 -0 0 -0 -0 0 0
key 2.9 -4 0 0 -4 0 0 -72 0 6 -72 0 -6 0 0 0 0 0 0
key 2.9 -4 0 0 -4 0 0 -72 0 6 -72 0 -6 0 0 0 0 0 0
key 3.2 -4.16 0 0 -4.28 0 -0.112 -71.8 -0.4 4.82 -71.8 0.4 -4.82 -0 0 -0 -0 0 0
punch 2.9
shot 0 1.42 1.8 1.45 4.1 1.62 1.42 3.75 0 1.1 0 0 1.1 0 42 42 close
shot 1.42 2.12 0.95 1.05 3.1 0.85 1.05 2.85 0 0.9 0.3 0 0.9 0.3 40 40 close
shot 2.12 3.2 1.6 1.65 3.7 1.45 1.6 3.45 0 1.05 0 0 1.05 0 48 48
still 1.5 1.1 4.6 0 1.05 0 46
