# Written by tools/author_ultimate_intros.py. Edit the table there, not this file.
seconds 3.2
key 0 0 0 0 0 0 0 0 0 65 0 0 -65 0 0 0 0 0 0
key 0.18 0 -4 0 2 -24 0 -4 0 68 -18 6 -54 0 0 0 0 0 0
key 0.72 0 4 0 2 24 0 -4 0 68 -18 6 -54 0 0 0 0 0 0
key 0.9 2 -6 0 8 -10 0 -82 6 70 -18 6 -54 0 0 0 0 0 0
key 1.3 2 -6 0 8 -18 0 -86 -22 58 -18 6 -54 0 0 0 0 0 0
key 1.5 4 -4 0 14 -8 0 -72 30 76 -18 6 -54 0 0 0 0 0 0
key 1.5 4 -4 0 14 -8 0 -72 30 76 -18 6 -54 0 0 0 0 0 0
key 1.98 4.04 -3.96 0 14.168 -7.72 0 -71.72 31.04 76.36 -18 6 -54 -0 0 -0 -0 0 0
key 2.18 4 -4 0 -2 -8 6 -104 30 76 -18 6 -54 0 0 0 0 0 0
key 2.18 4 -4 0 -2 -8 6 -104 30 76 -18 6 -54 0 0 0 0 0 0
key 2.76 4 -4 0 -2.448 -8 6.168 -104.64 30 76 -18 6 -54 -0 0 -0 -0 0 0
key 2.9 -4 0 0 -4 0 0 -72 0 6 -30 0 -40 0 0 0 0 0 0
key 2.9 -4 0 0 -4 0 0 -72 0 6 -30 0 -40 0 0 0 0 0 0
key 3.2 -4.16 0.08 0 -4.056 0.224 -0.168 -71.36 -0.6 4.6 -30.24 -0.12 -39.72 -0 0 -0 -0 0 0
punch 2.9
shot 0 1.42 -1.8 1.45 4.1 -1.62 1.42 3.75 0 1.1 0 0 1.1 0 42 42 close
shot 1.42 2.12 -0.95 1.05 3.1 -0.85 1.05 2.85 0 0.9 0.3 0 0.9 0.3 40 40 close
shot 2.12 3.2 1.6 0.7 3.7 1.45 0.68 3.45 0 1.1 0 0 1.1 0 48 48
still -1.5 1.1 4.6 0 1.05 0 46
