# Written by tools/author_ultimate_intros.py. Edit the table there, not this file.
seconds 3.8
key 0 0 0 0 0 0 0 0 0 65 0 0 -65 0 0 0 0 0 0
key 0.45 6 0 0 18 0 0 -8 0 56 -8 0 -56 -2 0 -14 2 0 14
key 0.8 7 0 0 18 0 0 -8 0 56 -8 0 -56 -2 0 -14 2 0 14
key 1.12 22 0 0 2 0 0 -42 22 68 -42 -22 -68 -4 0 -16 4 0 16
key 1.25 23 0 1.5 2 0 0 -42 22 68 -42 -22 -68 -4 0 -16 4 0 16
key 1.38 22 0 0 2 0 0 -42 22 68 -42 -22 -68 -4 0 -16 4 0 16
key 1.48 23 0 1.5 2 0 0 -42 22 68 -42 -22 -68 -4 0 -16 4 0 16
key 1.82 -6 0 0 -12 0 0 -150 0 22 -150 0 -22 0 0 -16 0 0 16
key 1.95 -6 0 -1.5 -12 0 0 -152 0 20 -150 0 -22 0 0 -16 0 0 16
key 2.08 -6 0 0 -12 0 0 -150 0 22 -150 0 -22 0 0 -16 0 0 16
key 2.2 -6 0 -1.5 -12 0 0 -152 0 20 -150 0 -22 0 0 -16 0 0 16
key 2.32 -6 0 0 -12 0 0 -150 0 22 -150 0 -22 0 0 -16 0 0 16
key 2.66 -4 22 0 0 -14 0 -150 50 60 -150 8 -60 -8 0 -12 10 0 12
key 2.66 -4 22 0 0 -14 0 -150 50 60 -150 8 -60 -8 0 -12 10 0 12
key 2.98 -4 22 0 0 -14 0 -150 50 60 -150 8 -60 -8 0 -12 10 0 12
key 3.18 28 -10 0 -8 6 0 -72 30 74 -72 -30 -74 -22 0 -10 18 0 10
key 3.18 28 -10 0 -8 6 0 -72 30 74 -72 -30 -74 -22 0 -10 18 0 10
key 3.8 28 -10 0 -8 6 0 -72 30 74 -72 -30 -74 -22 0 -10 18 0 10
punch 3.18
shot 0 1.5 1.4 0.6 3.8 1.15 0.58 3.35 0 1 0 0 1 0 48 48
shot 1.5 2.5 -1.7 0.35 4.7 -1.9 0.32 5 0 1.45 -1 0 1.45 -1 54 54
shot 2.5 3.8 2.5 0.6 3.5 2.2 0.55 3.1 0 0.9 0.6 0 0.9 0.6 48 48
still 1.3 0.9 5.4 0 1.2 -1 52
