# Written by tools/author_ultimate_intros.py. Edit the table there, not this file.
seconds 2.8
key 0 0 0 0 0 0 0 0 0 65 0 0 -65 0 0 0 0 0 0
key 0.45 0 -12 0 4 -28 -5 -65 -15 58 -15 10 -65 0 0 0 0 0 0
key 1 6 -8 0 8 -20 0 -80 -10 50 -60 15 -58 0 0 0 0 0 0
key 1.6 8 0 0 6 0 0 -45 28 66 -45 -28 -66 0 0 0 0 0 0
key 2.35 -4 0 0 -5 0 0 -35 -18 25 -35 18 -25 0 0 0 0 0 0
shot 0 0.35 2.8 1.5 5.6 2.8 1.5 5.6 -0.75 1.4 0 -0.75 1.4 0 50 50
shot 0.35 2.8 2.8 1.5 5.6 2.632 1.41 5.264 -0.75 1.4 0 -0.75 1.4 0 50 50 fit
still 2.716 1.455 5.432 -0.75 1.4 0 50
