# Written by tools/author_ultimate_intros.py. Edit the table there, not this file.
seconds 4.6
key 0 0 0 0 0 0 0 0 0 65 0 0 -65 0 0 0 0 0 0
key 0.24 3 0 0 10 0 0 -4 0 60 -4 0 -60 0 0 -8 0 0 8
key 0.24 1 0 0 7 0 0 -4 0 60 -4 0 -60 0 0 -8 0 0 8
key 0.46 1.04 0 0 7.392 0 0 -4.16 0 59.8 -4.16 -0 -59.8 -0 0 -8.16 -0 0 8.16
key 0.78 5 0 0 20 0 0 -64 0 70 -64 0 -70 0 0 -8 0 0 8
key 0.78 5 0 0 20 0 0 -64 0 70 -64 0 -70 0 0 -8 0 0 8
key 1.04 5.16 0 0 20.728 0 0 -66.4 0 70.4 -66.4 -0 -70.4 -0 0 -8 -0 0 8
key 1.24 -4 0 0 -24 -14 0 -64 0 70 -64 0 -70 0 0 -8 0 0 8
key 1.24 -4 0 0 -24 -14 0 -64 0 70 -64 0 -70 0 0 -8 0 0 8
key 1.34 -4 0 0 -24 -14 0 -64 0 70 -64 0 -70 0 0 -8 0 0 8
key 1.5 38 0 0 20 0 0 -46 0 60 -46 0 -60 -52 0 -6 28 0 6
key 1.5 38 0 0 20 0 0 -46 0 60 -46 0 -60 -52 0 -6 28 0 6
key 1.9 39.68 0 0 22.464 0.784 0 -45.28 0 59.6 -45.28 -0 -59.6 -53.04 0 -5.96 28.56 0 5.96
key 1.9 42.8 0 2.08 26.688 0.784 0 -47.36 0 57.52 -47.36 -0 -57.52 -53.04 0 -5.96 28.56 0 5.96
key 2.3 41.12 0 2.08 24.224 0 0 -48.08 0 57.92 -48.08 -0 -57.92 -52 0 -6 28 0 6
key 2.45 8 0 0 -6 0 0 -110 0 52 -110 0 -52 -24 0 -8 12 0 8
key 2.62 -14 0 0 -24 0 0 -162 0 38 -162 0 -38 -10 0 -10 6 0 10
key 2.62 -14 0 0 -24 0 0 -162 0 38 -162 0 -38 -10 0 -10 6 0 10
key 4.6 -14.88 0 0 -25.008 0 0 -164.08 0 37.44 -164.08 -0 -37.44 -9.72 0 -10.04 5.88 0 10.04
punch 0.78
punch 1.5
punch 2.62
lift 0 0
lift 1.3 0
lift 1.5 -0.34
lift 2.3 -0.36
lift 2.62 0.05
lift 3 0
shot 0 0.6 1.4 0.5 4.2 1.2 0.55 3.7 0 1.1 0 0 1.1 0 50 50
shot 0.6 1.5 0.55 1 2.4 0.45 0.95 2.1 -0.2 2.35 -0.5 -0.2 2.25 -0.5 56 56
shot 1.5 2.5 -2.6 0.35 2.1 -2.2 0.3 2.6 0 0.45 0.5 0.2 0.4 1.4 58 58
shot 2.5 3.05 1.1 1.9 -2.2 0.9 1.8 -1.9 0 0.3 3.5 0 0.4 4.5 56 56
shot 3.05 4.6 2.4 0.7 -1.8 3 1 -2.6 0 3.2 5.5 0 4.6 5.5 62 62
still 1.5 1.1 4.3 0 1.15 0 48
