# Written by tools/author_ultimate_intros.py. Edit the table there, not this file.
seconds 4
voice 2.05 hero_phaister_ult
key 0 0 0 0 0 0 0 0 0 65 0 0 -65 0 0 0 0 0 0
key 0.35 -5 0 0 -6 0 0 -62 0 12 -62 0 -12 0 0 -5 0 0 5
key 0.95 -8 0 0 -10 0 0 -102 0 18 -102 0 -18 4 0 -3 -16 0 3
key 1.3 -7 4 0 -10 0 0 -106 0 20 -98 0 -16 4 0 -3 -16 0 3
key 1.55 6 0 0 10 0 0 -96 20 62 -96 -20 -62 4 0 -3 -14 0 3
key 1.7 6 0 0 10 0 0 -96 20 62 -96 -20 -62 4 0 -3 -14 0 3
key 2.05 6 0 0 10 0 0 -96 20 62 -96 -20 -62 4 0 -3 -14 0 3
key 2.2 6 0 0 8 -12 10 -96 20 62 -96 -20 -62 4 0 -3 -14 0 3
key 2.45 -10 0 0 -6 0 0 -150 16 60 -150 -16 -60 6 0 -3 -12 0 3
key 2.62 16 0 0 -2 0 0 -84 12 66 -84 -12 -66 -8 0 -4 10 0 4
key 2.62 16 0 0 -2 0 0 -84 12 66 -84 -12 -66 -8 0 -4 10 0 4
key 2.95 18.34 0 0 -1.496 0 0 -81 11.64 66.54 -81 -11.64 -66.54 -8.63 0 -4.045 10.99 0 4.045
key 3.35 4 -6 0 -4 -8 4 -58 0 36 -46 0 -40 2 0 -4 -8 0 4
key 4 3 -8 0 -4 -8 4 -58 0 36 -46 0 -40 2 0 -4 -8 0 4
punch 2.62
lift 0 0
lift 0.3 0
lift 1.25 0.52
lift 2.45 0.58
lift 2.8 0.5
lift 4 0.44
shot 0 1.45 -2.6 0.7 2.9 1.9 0.95 2.5 0 1.35 0 0 1.7 0 50 44
shot 1.45 2.55 0.75 1.95 2.75 0.95 2 3.15 0 1.75 0.35 0 1.8 0.45 34 38 close
shot 2.55 4 2.5 2.5 -2.5 3.1 5.4 -3.4 0 2.4 3.6 0 1.9 4 52 56
still 1.6 1.6 5.4 0 1.8 1 52
