# Written by tools/author_ultimate_intros.py. Edit the table there, not this file.
seconds 3.4
key 0 0 0 0 0 0 0 0 0 65 0 0 -65 0 0 0 0 0 0
key 0.16 4 -12 8 0 -16 4 -10 0 50 -18 0 -62 -4 0 -10 4 0 10
key 0.34 4 -12 8 0 -16 4 -10 0 50 -18 0 -62 -4 0 -10 4 0 10
key 0.46 4 12 -8 0 16 -4 -18 0 62 -10 0 -50 4 0 -10 -4 0 10
key 0.6 4 12 -8 0 16 -4 -18 0 62 -10 0 -50 4 0 -10 -4 0 10
key 0.8 -3 0 0 -4 0 10 -20 0 46 -20 0 -46 -2 0 -6 2 0 6
key 1 0 -6 0 0 -6 -8 -80 22 64 -6 10 -44 -2 0 -6 2 0 6
key 1.12 0 -6 0 0 -6 -8 -94 -4 68 -6 10 -44 -2 0 -6 2 0 6
key 1.24 0 -6 0 0 -6 -8 -80 22 64 -6 10 -44 -2 0 -6 2 0 6
key 1.36 0 -6 0 0 -6 -8 -94 -4 68 -6 10 -44 -2 0 -6 2 0 6
key 1.58 20 0 3 -8 0 0 -26 0 24 -26 0 -24 -10 0 -16 10 0 16
key 1.8 20 0 -3 -8 0 0 -26 0 24 -26 0 -24 -10 0 -16 10 0 16
key 2.02 20 0 3 -8 0 0 -26 0 24 -26 0 -24 -10 0 -16 10 0 16
key 2.28 -6 0 0 -10 0 0 -150 0 34 -150 0 -34 -6 0 -12 6 0 12
key 2.28 -7 0 0 -10 0 0 -150 0 34 -150 0 -34 -6 0 -12 6 0 12
key 2.72 -9.16 0 -0.24 -10.224 0 0 -153 0 34.8 -153 -0 -34.8 -5.84 0 -11.84 5.84 0 11.84
key 2.9 22 -15 0 -4 8 0 30 0 58 -62 -22 -70 -18 0 -8 16 0 8
key 2.9 22 -15 0 -4 8 0 30 0 58 -62 -22 -70 -18 0 -8 16 0 8
key 3.4 24.32 -16.2 0 -3.328 8.896 0 33 0 59.92 -59 -23.76 -72.88 -18.48 0 -7.84 16.4 0 7.84
punch 0.16
punch 0.46
punch 2.9
shot 0 1.46 0.9 1.35 3.9 0.78 1.3 3.55 0 1.05 0 0 1.05 0 44 44
shot 1.46 2.5 -3.1 0.5 2.3 -3.3 0.45 2.05 0 1.2 -0.6 0 1.2 -0.6 50 50
shot 2.5 3.4 1.1 0.55 4.4 1 0.6 4.05 0 1.2 0 0 1.2 0 50 50
still 1 1.05 4.9 0 1.1 -0.5 48
