# Written by tools/author_ultimate_intros.py. Edit the table there, not this file.
seconds 2.8
key 0 0 0 0 0 0 0 0 0 65 0 0 -65 0 0 0 0 0 0
key 0.3 10 -8 0 8 6 0 -25 15 58 15 -20 -55 -12 0 -5 14 0 5
key 0.85 18 -12 0 -8 10 0 -55 25 62 -35 -30 -60 -18 0 -8 22 0 8
key 1.45 14 4 0 -14 -4 0 -60 12 48 -60 -12 -48 -18 0 -8 22 0 8
key 2.1 26 0 0 -18 0 0 24 0 56 24 0 -56 -24 0 -10 28 0 10
shot 0 0.35 2.2 1.1 4.5 2.2 1.1 4.5 0 1.05 0 0 1.05 0 46 46
shot 0.35 2.8 2.2 1.1 4.5 2.068 1.034 4.23 0 1.05 0 0 1.05 0 46 46
still 2.134 1.067 4.365 0 1.05 0 46
