# Written by tools/author_ultimate_intros.py. Edit the table there, not this file.
seconds 2.8
key 0 0 0 0 0 0 0 0 0 65 0 0 -65 0 0 0 0 0 0
key 0.26 0 -6 4 0 8 -6 -58 -18 48 -8 0 -60 -2 0 -3 2 0 8
key 0.4 0 -6 4 0 8 -6 -74 -18 44 -8 0 -60 -2 0 -3 2 0 8
key 0.5 0 -6 4 0 8 -6 -58 -18 48 -8 0 -60 -2 0 -3 2 0 8
key 0.66 -2 6 -3 -12 10 0 -148 0 25 -8 0 -60 -2 0 -3 2 0 8
key 0.66 -2 6 -3 -12 10 0 -148 0 25 -8 0 -60 -2 0 -3 2 0 8
key 1.12 -2.18 7.08 -3.63 -13.512 10.252 0.756 -151 1.62 22.93 -8 -0 -60 -2 0 -3 2 0 8
key 1.3 8 4 0 -4 -6 -4 -60 -10 50 -12 0 -56 -6 0 -4 6 0 4
key 1.3 8 4 0 -4 -6 -4 -60 -10 50 -12 0 -56 -6 0 -4 6 0 4
key 1.74 8.9 3.82 0.27 -2.992 -8.016 -4.504 -57 -10.9 52.25 -12.36 -0 -55.64 -6.18 0 -4.045 6.18 0 3.82
key 1.88 -12 0 0 8 0 0 -42 -10 38 -18 0 -50 -8 0 -4 8 0 4
key 1.88 -12 0 0 8 0 0 -42 -10 38 -18 0 -50 -8 0 -4 8 0 4
key 2.02 -12 0 0 8 0 0 -42 -10 38 -18 0 -50 -8 0 -4 8 0 4
key 2.32 0 -4 4 -2 -10 -8 -6 -12 46 -8 0 -56 -2 0 -3 2 0 8
key 2.32 0 -4 4 -2 -10 -8 -6 -12 46 -8 0 -56 -2 0 -3 2 0 8
key 2.8 1.08 -4.36 4.36 -3.26 -11.26 -9.008 -3 -12.18 46.72 -7.1 -0 -56.54 -1.73 0 -2.955 1.73 0 8.18
punch 0.4
punch 1.88
shot 0 0.98 -2.2 1.35 3.1 -2.05 1.35 2.85 0 1.15 0 0 1.15 0 42 42
shot 0.98 1.82 -1.5 1.4 2.4 -1.35 1.4 2.3 0 1.35 0.1 0 1.35 0.1 40 40
shot 1.82 2.8 -0.8 0.95 3.7 -0.7 1 3.5 0 1.15 0 0 1.15 0 46 46
still -1.9 1.15 4.3 0 1.15 0 46
