# Written by tools/author_ultimate_intros.py. Edit the table there, not this file.
seconds 11.9
key 0 0 0 0 0 0 0 0 0 65 0 0 -65 0 0 0 0 0 0
key 0.26 22 -8 0 -12 6 0 -36 0 40 -18 6 -54 -30 0 -6 28 0 8
key 0.74 30 6 -5 -26 0 0 -8 -10 -2 -18 6 -54 -6 0 -3 62 0 6
key 0.74 30 6 -5 -26 0 0 -8 -10 -2 -18 6 -54 -6 0 -3 62 0 6
key 1.2 30.16 6.28 -5.1 -26.392 -0.168 0 -7.44 -10.2 -2.84 -18 6 -54 -5.76 0 -2.97 62.34 0 5.98
key 1.42 12 0 0 -8 0 0 -20 0 20 -18 6 -54 -10 0 -4 8 0 4
key 1.68 30 -6 5 -26 0 0 14 10 4 -18 6 -54 62 0 -6 -6 0 3
key 1.68 30 -6 5 -26 0 0 14 10 4 -18 6 -54 62 0 -6 -6 0 3
key 2.04 30.36 -6.12 5.1 -26.504 0 0 14.68 10.2 3.68 -18 6 -54 62.72 0 -6.02 -6.14 0 2.99
key 2.33 -6 0 0 -10 0 0 -150 20 62 -18 6 -54 -30 0 -2 0 0 2
key 2.33 -6 0 0 -10 0 0 -150 20 62 -18 6 -54 -30 0 -2 0 0 2
key 2.64 -6.72 0.12 -0.1 -9.552 0 0 -153 20.2 63.16 -18 6 -54 -30.92 0 -1.96 0.06 0 1.99
key 3 -3 -5 4 4 0 0 8 30 46 -18 6 -54 -4 0 -3 2 0 8
key 3 -3 -5 4 4 0 0 8 30 46 -18 6 -54 -4 0 -3 2 0 8
key 5.7 -2.94 -5.1 4.08 4.392 0 0 11 30.2 45.68 -18 6 -54 -3.74 0 -3.01 2.02 0 8.06
key 5.8 30 6 -5 -26 0 0 -8 -10 -2 -18 6 -54 -6 0 -3 62 0 6
key 5.8 30 6 -5 -26 0 0 -8 -10 -2 -18 6 -54 -6 0 -3 62 0 6
key 7 30.66 6.22 -5.18 -26.84 0 0 -8.32 -10.8 -2.96 -18 6 -54 -6.02 0 -3 62.6 0 5.98
key 7.25 12 0 0 -8 0 0 -20 0 20 -18 6 -54 -10 0 -4 8 0 4
key 7.5 30 -6 5 -26 0 0 14 10 4 -18 6 -54 62 0 -6 -6 0 3
key 7.5 30 -6 5 -26 0 0 14 10 4 -18 6 -54 62 0 -6 -6 0 3
key 8.4 30.36 -6.12 5.1 -26.504 0 0 14.68 10.2 3.68 -18 6 -54 62.72 0 -6.02 -6.14 0 2.99
key 8.85 12 0 0 -8 0 0 -20 0 20 -18 6 -54 -10 0 -4 8 0 4
key 9.18 -3 -5 4 4 0 0 8 30 46 -18 6 -54 -4 0 -3 2 0 8
key 9.27 -4 0 0 2 0 0 -20 0 50 -18 6 -54 -38 0 -6 0 0 6
key 9.35 8 0 0 6 0 0 10 0 50 -18 6 -54 -6 0 -8 0 0 8
key 9.35 8 0 0 6 0 0 10 0 50 -18 6 -54 -6 0 -8 0 0 8
key 9.75 8.24 0 0 6.112 0 0 10.6 0 50 -18 6 -54 -5.68 0 -8.02 -0 0 8.02
key 10.04 2 -4 3 6 10 -6 -116 44 72 -18 6 -54 -4 0 -3 2 0 8
key 10.04 2 -4 3 6 10 -6 -116 44 72 -18 6 -54 -4 0 -3 2 0 8
key 10.72 1.88 -4.08 3.06 6 10.28 -6.168 -118.52 44.88 72.44 -18 6 -54 -3.98 0 -2.95 2.02 0 8
key 11.16 -3 -5 4 4 0 0 8 30 46 -18 6 -54 -4 0 -3 2 0 8
key 11.44 4 -4 0 8 -8 4 -84 8 45 -18 6 -54 0 0 0 0 0 0
key 11.58 -4 0 0 -4 0 0 -72 0 6 -30 0 -40 0 0 0 0 0 0
key 11.58 -4 0 0 -4 0 0 -72 0 6 -30 0 -40 0 0 0 0 0 0
key 11.9 -4.16 0.08 0 -4.336 0.224 -0.112 -71.76 -0.16 5.22 -30.24 -0.12 -39.72 -0 0 -0 -0 0 0
punch 9.35
punch 11.58
shot 0 2.8 -2.6 4 6.2 -2 3.2 5 0 0.5 1.3 0 0.7 0.5 44 44
shot 2.8 4.1 0 1.4 0.2 0 1.4 0.2 -3 1 5 -3 1 5 60 60 close
shot 4.1 5 0 1.4 0.2 0 1.4 0.2 0 1 6 0 1 6 60 60 close
shot 5 5.8 0 1.4 0.2 0 1.4 0.2 3 1 5 3 1 5 60 60 close
shot 5.8 9.2 -5.9 10 -2 -5.9 10 -2 -5.9 0 -1.1 -5.9 0 -1.1 46 46
shot 9.2 9.85 -2.6 0.55 6.4 -3 0.7 7.4 0 1.1 0 0 2.8 -1.2 52 58
shot 9.85 11.2 -0.9 1.25 3 -0.68 1.2 2.45 0 1.1 0 0 1.1 0 40 40 close
shot 11.2 11.9 -3.4 6.4 10.2 -3 5.6 9.2 0 0.7 2.6 0 0.8 2.2 50 50
still -3.2 6 9.8 0 0.8 2.4 52
