# Written by tools/author_ultimate_intros.py. Edit the table there, not this file.
seconds 7
key 0 0 0 0 0 0 0 0 0 65 0 0 -65 0 0 0 0 0 0
key 0.42 6 0 0 18 0 0 -8 0 56 -8 0 -56 -2 0 -14 2 0 14
key 0.82 -10 -16 0 8 0 0 -165 0 58 -20 8 -38 -6 0 -16 8 0 16
key 0.82 -10 -16 0 8 0 0 -165 0 58 -20 8 -38 -6 0 -16 8 0 16
key 0.98 -10 -16 0 8 0 0 -165 0 58 -20 8 -38 -6 0 -16 8 0 16
key 1.1 40 8 0 -4 0 0 -58 22 72 -20 8 -38 -34 0 -14 26 0 14
key 1.1 40 8 0 -4 0 0 -58 22 72 -20 8 -38 -34 0 -14 26 0 14
key 1.5 42.5 9.2 0 -4.84 0 0 -55 23.1 72.7 -20 8 -38 -34.7 0 -13.95 26.45 0 13.95
key 1.95 14 0 0 16 0 0 -26 0 34 -20 8 -38 -6 0 -18 6 0 18
key 2.4 13 -6 2 18 -22 0 -26 0 34 -20 8 -38 -6 0 -18 6 0 18
key 2.9 13 6 -2 18 22 0 -26 0 34 -20 8 -38 -6 0 -18 6 0 18
key 3.4 14 0 0 16 0 0 -26 0 34 -20 8 -38 -6 0 -18 6 0 18
key 3.85 20 0 0 -6 0 0 -34 0 26 -20 8 -38 -12 0 -20 10 0 20
key 4.1 21 0 2 -6 0 0 -36 0 24 -20 8 -38 -12 0 -20 10 0 20
key 4.4 20 0 0 -6 0 0 -34 0 26 -20 8 -38 -12 0 -20 10 0 20
key 4.7 21 0 2 -6 0 0 -36 0 24 -20 8 -38 -12 0 -20 10 0 20
key 5 20 0 0 -6 0 0 -34 0 26 -20 8 -38 -12 0 -20 10 0 20
key 5.5 -4 0 0 -10 0 0 -18 0 50 -20 8 -38 0 0 -16 0 0 16
key 6.05 -4 22 0 0 -14 0 -150 50 60 -20 8 -38 -8 0 -12 10 0 12
key 6.05 -4 22 0 0 -14 0 -150 50 60 -20 8 -38 -8 0 -12 10 0 12
key 6.66 -4 23.1 0 0.7 -14.98 0 -153 52.5 60.5 -20 8 -38 -8.2 0 -11.9 10.25 0 11.9
key 6.88 28 -10 0 -8 6 0 -72 30 74 -30 8 -38 -22 0 -10 18 0 10
key 6.88 28 -10 0 -8 6 0 -72 30 74 -30 8 -38 -22 0 -10 18 0 10
key 7 28 -10 0 -8 6 0 -72 30 74 -30 8 -38 -22 0 -10 18 0 10
punch 1.1
punch 6.88
lift 0 0
lift 3.45 0
lift 4 0.45
lift 5.2 3.4
lift 7 3.4
shot 0 1.15 1.3 0.55 3.4 1 0.5 2.9 0 1 0 0 1 0 46 46
shot 1.15 3.4 0.5 7.4 -2.2 0.9 10.2 -3 0 0 0.5 0 0 0.5 58 58
shot 3.4 5.3 4 0.7 5.6 4.9 1.1 6.8 0 1 0.6 0 2.9 0.6 52 52
shot 5.3 7 -2.9 1.3 9.8 -2.4 1.1 8.6 0.3 3.3 0.9 0.3 3 1.2 46 46
still 2.6 1.8 8 0 1.6 0.5 54
