# Written by tools/author_ultimate_intros.py. Edit the table there, not this file.
seconds 9
key 0 0 0 0 0 0 0 0 0 65 0 0 -65 0 0 0 0 0 0
key 0.655 3 0 0 12 0 0 -6 0 60 -6 0 -60 0 0 -8 0 0 8
key 0.655 1 0 0 9 0 0 -6 0 60 -6 0 -60 0 0 -8 0 0 8
key 1.164 1.04 0 0 9.504 0 0 -6.24 0 59.8 -6.24 -0 -59.8 -0 0 -8.16 -0 0 8.16
key 1.673 4 -6 0 20 -14 0 -96 14 62 -4 0 -58 0 0 -8 0 0 8
key 1.891 4 -6 0 20 -14 0 -96 14 62 -9 -5 -51 -6 0 -10 4 0 11
key 2.07 4 -6 0 20 -14 0 -96 14 62 0 -9 -55 -2 0 -13 -3 0 9
key 2.21 4 -6 0 20 -14 0 -96 14 62 -7 -4 -47 4 0 -11 -6 0 12
key 2.35 7 -6 0 24 -14 0 -88 14 62 -1 -8 -52 1 0 -13 -1 0 10
key 2.537 -8 -2 0 -6 -4 0 -104 10 60 -10 0 -52 0 0 -9 0 0 9
key 2.716 -8 -2 0 -6 -4 0 -104 10 60 -15 -6 -47 -6 0 -12 5 0 11
key 2.844 -8 -2 0 -6 -4 0 -104 10 60 -7 -10 -51 3 0 -13 -5 0 10
key 3.068 -6 0 0 10 0 0 -64 6 56 -64 -6 -56 -6 0 -10 4 0 10
key 3.279 28 0 0 26 0 0 -69 2 79 -69 -2 -79 -54 0 -7 30 0 7
key 3.459 32 0 0 32 0 0 -74 2 79 -74 -2 -79 -54 0 -7 30 0 7
key 3.459 32 0 0 32 0 0 -74 2 79 -74 -2 -79 -54 0 -7 30 0 7
key 3.698 32.16 0 0 32.336 0 0 -74.2 2 79 -74.2 -2 -79 -54 0 -7 30 0 7
key 3.787 30 0 0 36 0 0 -72 2 79 -72 -2 -79 -54 0 -7 30 0 7
key 3.877 35 0 0 30 0 0 -78 2 79 -78 -2 -79 -54 0 -7 30 0 7
key 4.026 30 0 0 36 0 0 -72 2 79 -72 -2 -79 -54 0 -7 30 0 7
key 4.146 35 0 0 30 0 0 -78 2 79 -78 -2 -79 -54 0 -7 30 0 7
key 4.265 30 0 0 36 0 0 -72 2 79 -72 -2 -79 -54 0 -7 30 0 7
key 4.382 35 0 0 30 0 0 -78 2 79 -78 -2 -79 -54 0 -7 30 0 7
key 4.548 30 0 0 36 0 0 -72 2 79 -72 -2 -79 -54 0 -7 30 0 7
key 4.735 38 0 0 18 0 0 -82 2 79 -82 -2 -79 -54 0 -7 30 0 7
key 5.067 38 0 0 18 0 0 -82 2 79 -82 -2 -79 -54 0 -7 30 0 7
key 5.483 24 0 0 -10 0 0 -64 2 79 -64 -2 -79 -54 0 -7 30 0 7
key 5.857 22 0 0 -16 0 0 -62 2 79 -62 -2 -79 -54 0 -7 30 0 7
key 6.049 15 0 0 -22 0 0 -59 2 79 -59 -2 -79 -54 0 -7 30 0 7
key 6.281 22 0 0 -16 0 0 -62 2 79 -62 -2 -79 -54 0 -7 30 0 7
key 6.417 15 0 0 -22 0 0 -59 2 79 -59 -2 -79 -54 0 -7 30 0 7
key 6.649 22 0 0 -16 0 0 -62 2 79 -62 -2 -79 -54 0 -7 30 0 7
key 6.799 15 0 0 -22 0 0 -59 2 79 -59 -2 -79 -54 0 -7 30 0 7
key 7.167 20 0 0 -36 0 0 -60 2 79 -60 -2 -79 -54 0 -7 30 0 7
key 7.57 20 0 0 -32 0 0 -60 2 79 -60 -2 -79 -54 0 -7 30 0 7
key 7.856 22 0 0 -16 0 0 -62 2 79 -62 -2 -79 -54 0 -7 30 0 7
key 7.96 8 0 0 -30 0 0 -52 2 79 -52 -2 -79 -54 0 -7 30 0 7
key 8.298 10 0 0 -30 0 0 -52 2 79 -52 -2 -79 -54 0 -7 30 0 7
key 8.532 20 0 0 -36 0 0 -60 2 79 -60 -2 -79 -54 0 -7 30 0 7
key 8.532 20 0 0 -36 0 0 -60 2 79 -60 -2 -79 -54 0 -7 30 0 7
key 9 20.4 0 0 -36.336 0 0 -60.32 2 79 -60.32 -2 -79 -54 0 -7 30 0 7
punch 2.537
punch 3.279
punch 3.877
punch 4.146
punch 4.382
punch 4.735
punch 6.049
punch 6.417
punch 6.799
punch 7.96
lift 0 0
lift 1.091 0
lift 1.818 0.34
lift 2.163 0.42
lift 2.583 0.36
lift 2.94 0.46
lift 3.1 0.5
lift 3.279 -0.34
lift 9 -0.34
shot 0 3.1 1.9 0.42 4.9 1.5 0.46 4.2 0 2.2 -1 0 2.35 -1 48 46
shot 3.1 3.205 1.1 0.34 3.6 1.08 0.34 3.55 0 1.55 0.1 0 1.54 0.12 52 52
shot 3.205 3.727 1.55 0.62 2.35 1.35 0.52 2.15 -0.02 0.16 1 -0.02 0.1 1 42 40
shot 3.727 4.34 1 0.32 3.3 0.9 0.3 3 0 1.48 0.2 0 1.42 0.3 51 49
shot 4.34 5.94 8.2 1.25 5 8.3 1.3 5.1 0.2 0.9 3 0.2 0.95 3.1 54 54
shot 5.94 6.963 5.4 1.3 12 5.9 2 12.8 0.2 1.1 4.4 0.1 2.9 4.8 54 58
shot 6.963 7.44 5.9 2 12.8 5.3 2.4 12 0.1 2.9 4.8 0.1 3.2 5 58 52
shot 7.44 9 6.4 1.3 9.2 7.6 2.3 10.6 0.3 2 5.6 0.2 2.4 5.5 54 58
still 8.6 1.9 5.8 0.2 2.5 3.2 60
