# Written by tools/author_ultimate_intros.py. Edit the table there, not this file.
seconds 8.6
key 0 0 0 0 0 0 0 0 0 65 0 0 -65 0 0 0 0 0 0
key 0.16 4 -12 8 0 -16 4 -10 0 50 -18 0 -62 -4 0 -10 4 0 10
key 0.34 4 -12 8 0 -16 4 -10 0 50 -18 0 -62 -4 0 -10 4 0 10
key 0.46 4 12 -8 0 16 -4 -18 0 62 -10 0 -50 4 0 -10 -4 0 10
key 0.6 4 12 -8 0 16 -4 -18 0 62 -10 0 -50 4 0 -10 -4 0 10
key 0.8 -3 0 0 -4 0 10 -20 0 46 -20 0 -46 -2 0 -6 2 0 6
key 1 0 -6 0 0 -6 -8 -80 22 64 -6 10 -44 -2 0 -6 2 0 6
key 1.12 0 -6 0 0 -6 -8 -94 -4 68 -6 10 -44 -2 0 -6 2 0 6
key 1.24 0 -6 0 0 -6 -8 -80 22 64 -6 10 -44 -2 0 -6 2 0 6
key 1.36 0 -6 0 0 -6 -8 -94 -4 68 -6 10 -44 -2 0 -6 2 0 6
key 1.58 20 0 3 -8 0 0 -26 0 24 -26 0 -24 -10 0 -16 10 0 16
key 1.78 -10 -6 0 -6 -6 -4 -104 -6 64 -96 -6 -64 -10 0 -12 10 0 12
key 1.78 -12 -4 2 -6 -6 -4 -104 -6 64 -96 -6 -64 -10 0 -12 10 0 12
key 2.6 -14.56 -4.32 1.92 -5.776 -6.672 -4.448 -107 -6.48 67 -99 -6.48 -67 -10 0 -11.84 10 0 11.84
key 2.9 34 0 0 -22 0 0 -165 0 62 -165 0 -62 12 0 -4 16 0 4
key 2.9 34 0 0 -22 0 0 -165 0 62 -165 0 -62 12 0 -4 16 0 4
key 3.2 37 0.32 -0.16 -23.792 0.672 0.448 -168 0.48 61.84 -168 0.48 -61.84 12.88 0 -3.68 16.24 0 3.68
key 3.3 30 0 0 -18 0 0 -64 0 54 -64 0 -54 -34 0 -26 -34 0 26
key 3.75 30 -8 12 -18 -12 6 -64 0 54 -64 0 -54 -34 0 -26 -34 0 26
key 4.3 30 8 -12 -18 12 -6 -64 0 54 -64 0 -54 -34 0 -26 -34 0 26
key 4.75 30 0 0 -18 0 0 -64 0 54 -64 0 -54 -34 0 -26 -34 0 26
key 4.75 30 0 0 -18 0 0 -64 0 54 -64 0 -54 -34 0 -26 -34 0 26
key 5.3 30 -0.64 0.96 -18 -1.344 0.672 -64 0 54 -64 -0 -54 -34 0 -26 -34 0 26
key 5.5 -12 0 0 -4 0 0 -118 0 24 -118 0 -24 -22 0 -16 22 0 16
key 5.9 20 0 3 -8 0 0 -26 0 24 -26 0 -24 -10 0 -16 10 0 16
key 5.9 20 0 3 -8 0 0 -26 0 24 -26 0 -24 -10 0 -16 10 0 16
key 6.05 20 0 3 -8 0 0 -26 0 24 -26 0 -24 -10 0 -16 10 0 16
key 6.3 -9 0 0 -30 0 0 -12 0 50 -12 0 -50 -2 0 -8 2 0 8
key 6.3 -9 0 0 -30 0 0 -12 0 50 -12 0 -50 -2 0 -8 2 0 8
key 6.95 -11.32 0 -0.24 -32.464 0 0 -10.88 0 52.08 -10.88 -0 -52.08 -1.68 0 -7.68 1.68 0 7.68
key 7.2 8 0 0 -14 0 0 -46 0 36 -46 0 -36 -8 0 -14 8 0 14
key 7.2 8 0 0 -14 0 0 -46 0 36 -46 0 -36 -8 0 -14 8 0 14
key 7.6 9.36 0 0 -12.208 0 0 -48.72 0 34.88 -48.72 -0 -34.88 -8.24 0 -14.24 8.24 0 14.24
key 8 6 0 0 16 0 6 -14 0 46 -14 0 -46 -8 0 -6 4 0 6
key 8 6 0 0 16 0 6 -14 0 46 -14 0 -46 -8 0 -6 4 0 6
key 8.6 5.84 0 0 19 0 6.672 -11.44 0 46.8 -11.44 -0 -46.8 -8 0 -5.68 3.84 0 5.68
punch 0.16
punch 0.46
punch 1.78
punch 5.9
punch 7.2
shot 0 1.46 0.9 1.35 3.9 0.78 1.3 3.55 0 1.05 0 0 1.05 0 44 44
shot 1.46 2.75 2 7.6 11.6 1.4 6.6 10.6 0 0.4 -1.2 0 0.4 -1.2 56 56
shot 2.75 3.2 4.6 1.3 2.2 4.2 1.4 1.6 0 2.2 -2 0 2.2 -2 58 58
shot 3.2 5 3.6 60.2 -2.2 3.6 60.2 -2.2 0 59 -4 0 59 -4 58 58
shot 5 7.6 2.4 0.35 10.5 2.4 0.35 10.5 0 4 0 0 4 0 72 72
shot 7.6 8.6 6.6 5.6 7.4 5.6 4.8 8.4 0 0.7 2.6 0 0.7 2.6 56 56
still 1 1.05 4.9 0 1.1 -0.5 48
