# Written by tools/author_ultimate_intros.py. Edit the table there, not this file.
seconds 8.4
key 0 0 0 0 0 0 0 0 0 65 0 0 -65 0 0 0 0 0 0
key 0.22 6 8 0 16 -4 0 -6 0 62 -18 6 -52 -4 0 -7 4 0 7
key 0.38 6 -8 0 16 4 0 -6 0 62 -18 6 -52 -4 0 -7 4 0 7
key 0.5 6 8 0 16 -4 0 -6 0 62 -18 6 -52 -4 0 -7 4 0 7
key 0.72 10 0 0 24 0 0 -75 20 56 -18 6 -52 -4 0 -7 4 0 7
key 1.05 12 0 0 22 0 -6 -75 20 56 -18 6 -52 -4 0 -7 4 0 7
key 1.35 11 0 0 22 0 5 -75 20 56 -18 6 -52 -4 0 -7 4 0 7
key 1.62 10 0 0 24 0 0 -75 20 56 -18 6 -52 -4 0 -7 4 0 7
key 1.62 10 0 0 24 0 0 -75 20 56 -18 6 -52 -4 0 -7 4 0 7
key 2.1 9.94 0 0 24.168 0 -0.42 -75 20 56 -18 6 -52 -4 0 -7 4 0 7
key 2.5 -6 0 0 -22 0 0 -165 0 58 -18 6 -52 -4 0 -7 4 0 7
key 2.7 -10 0 0 -34 0 0 -150 0 24 -18 6 -52 -4 0 -7 4 0 7
key 2.7 -10 0 0 -34 0 0 -150 0 24 -18 6 -52 -4 0 -7 4 0 7
key 3.3 -10.24 0 0 -35.008 0 0 -149.1 0 21.96 -18 6 -52 -4 0 -7 4 0 7
key 4.2 -8 0 0 -38 0 0 -40 0 50 -18 6 -52 -4 0 -7 4 0 7
key 4.2 -8 0 0 -38 0 0 -40 0 50 -18 6 -52 -4 0 -7 4 0 7
key 4.9 -7.88 0 0 -38.336 0 0 -37 0 51.56 -18 6 -52 -4 0 -7 4 0 7
key 5.3 30 0 0 -14 0 0 -60 4 50 -8 4 -52 -18 0 -5 22 0 5
key 5.3 30 0 0 -14 0 0 -60 4 50 -8 4 -52 -18 0 -5 22 0 5
key 6.02 32.28 0 0 -11.984 0 0 -61.2 4.24 50 -7.4 3.88 -52 -18.42 0 -4.94 22.54 0 4.94
key 6.2 -8 0 0 -14 0 0 -165 0 58 -165 0 -58 4 0 -3 10 0 3
key 6.2 -8 0 0 -14 0 0 -165 0 58 -165 0 -58 4 0 -3 10 0 3
key 8.4 -10.28 0 0 -14 0 0 -168 -0.24 58.48 -168 -0.24 -58.36 4.66 0 -2.94 9.64 0 2.94
punch 2.7
punch 6.2
lift 0 0
lift 6.14 0
lift 6.36 1.9
lift 6.62 3.3
lift 6.95 4.25
lift 7.35 4.6
lift 7.7 4.675
lift 8.4 4.675
shot 0 1.3 -1.9 1.35 4.1 -1.6 1.3 3.6 0 1 0 0 1 0 44 44
shot 1.3 2.25 -1.1 1.45 3.1 -0.95 1.45 2.8 0 1.25 0.2 0 1.25 0.2 40 40 close
shot 2.25 4.9 -2.4 3.4 5.4 -3.2 4.4 8.6 0 1.5 0.2 0 1.5 0.2 50 60
shot 4.9 6 0.4 13.4 -2.2 0.2 12.4 -1.8 0 0 0.4 0 0 0.4 58 58
shot 6 8.4 2 0.3 6.6 1.6 0.3 5.4 0 3.2 0 0 3.8 0 66 66
still 1.9 1.6 7.2 0 2.4 0 56
