# Written by tools/author_ultimate_intros.py. Edit the table there, not this file.
seconds 6.4
key 0 0 0 0 0 0 0 0 0 65 0 0 -65 0 0 0 0 0 0
key 0.26 0 -6 4 0 8 -6 -58 -18 48 -8 0 -60 -2 0 -3 2 0 8
key 0.4 0 -6 4 0 8 -6 -74 -18 44 -8 0 -60 -2 0 -3 2 0 8
key 0.5 0 -6 4 0 8 -6 -58 -18 48 -8 0 -60 -2 0 -3 2 0 8
key 0.66 -2 6 -3 -12 10 0 -148 0 25 -8 0 -60 -2 0 -3 2 0 8
key 0.66 -2 6 -3 -12 10 0 -148 0 25 -8 0 -60 -2 0 -3 2 0 8
key 1.98 -2.18 7.08 -3.63 -13.512 10.252 0.756 -151 1.62 22.93 -8 -0 -60 -2 0 -3 2 0 8
key 2.22 0 -8 5 2 14 -8 -22 -10 54 -8 0 -60 -2 0 -3 2 0 8
key 2.22 0 -8 5 2 14 -8 -22 -10 54 -8 0 -60 -2 0 -3 2 0 8
key 2.66 0.18 -9.26 5.72 3.764 14.504 -9.008 -19 -10.9 56.61 -8 -0 -60 -2 0 -3 2 0 8
key 2.95 -5 2 -2 -26 4 0 -120 0 58 -8 0 -60 -2 0 -3 2 0 8
key 3.15 -7 2 -3 -26 4 0 -168 0 68 -8 0 -60 -2 0 -3 2 0 8
key 3.15 -7 2 -3 -26 4 0 -168 0 68 -8 0 -60 -2 0 -3 2 0 8
key 3.34 -7 2 -3 -26 4 0 -168 0 68 -8 0 -60 -2 0 -3 2 0 8
key 3.5 -5 2 -2 -26 4 0 -120 0 58 -8 0 -60 -2 0 -3 2 0 8
key 3.82 0 -4 4 -2 -10 -8 -26 -12 40 -22 0 -44 -2 0 -3 2 0 8
key 3.82 0 -4 4 -2 -10 -8 -26 -12 40 -22 0 -44 -2 0 -3 2 0 8
key 4.42 0.45 -4.54 4.54 1 -11.764 -9.008 -23 -13.08 38.38 -23.26 -0 -42.56 -2 0 -3 2 0 8
key 4.72 8 4 0 -4 -6 -4 -60 -10 50 -12 0 -56 -6 0 -4 6 0 4
key 4.72 8 4 0 -4 -6 -4 -60 -10 50 -12 0 -56 -6 0 -4 6 0 4
key 5.06 8.72 4.72 -0.36 -4.252 -5.496 -3.496 -63 -9.82 50.9 -11.1 -0 -57.08 -6.18 0 -4.045 6.18 0 3.82
key 5.2 -12 0 0 8 0 0 -42 -10 38 -18 0 -50 -8 0 -4 8 0 4
key 5.2 -12 0 0 8 0 0 -42 -10 38 -18 0 -50 -8 0 -4 8 0 4
key 5.5 -13.8 -0.36 0 9.512 0.756 0.504 -40.38 -10 36.92 -18.54 -0 -49.46 -8.09 0 -4 8.09 0 4
key 5.86 0 -4 4 -2 -10 -8 -6 -12 46 -8 0 -56 -2 0 -3 2 0 8
key 5.86 0 -4 4 -2 -10 -8 -6 -12 46 -8 0 -56 -2 0 -3 2 0 8
key 6.4 1.08 -4.36 4.36 -3.26 -11.26 -9.008 -3 -12.18 46.72 -7.1 -0 -56.54 -1.73 0 -2.955 1.73 0 8.18
punch 0.4
punch 3.15
punch 5.2
shot 0 1.2 -2.2 1.35 3.1 -2.05 1.35 2.85 0 1.15 0 0 1.15 0 42 42
shot 1.2 1.98 -1.4 0.4 3.5 -1.3 0.42 3.3 -0.2 2.7 0 -0.2 2.7 0 62 62
shot 1.98 3.62 -1.5 1.5 3.3 -1.25 1.5 3 -0.2 1.5 0 -0.2 1.5 0 48 48 close
shot 3.62 4.62 5.2 4 6.2 3 4.3 7.4 0 1.7 0 0 1.7 0 52 52
shot 4.62 6.4 -0.8 0.95 4.3 -0.7 1 3.6 0 1.5 0 0 1.5 0 50 50
still -1.9 1.15 4.3 0 1.15 0 46
